	HA (%)	FA (%)		HA	MPD		FA	MPD
WX_1	94.99 	5.01 		46.9 	0.07 		2.5 	0.069
WX_2	64.21 	35.79 		6.1 	0.12 		3.4 	0.116
WX_3	92.21 	7.79 		47.5 	0.30 		4.0 	0.303
WY_1	99.14 	0.86 		24.1 	0.56 		0.2 	0.56
WY_2	96.48 	3.52 		23.5 	1.14 		0.9 	1.14
WY_3	97.56 	2.44 		113.1 	16.06 		2.8 	16.06
DX_1	96.98 	3.02 		33.7 	11.14 		1.1 	11.14
DX_2	93.40 	6.60 		34.4 	42.27 		2.4 	42.27
LX_1	94.53 	5.47 		133.5 	49.26 		14.4 	49.26
LX_2	95.67 	4.33 		67.4 	44.18 		1.3 	44.18
LX_3	90.29 	9.71 		217.5 	73.60 		12.6 	73.6
LX_4	98.11 	1.89 		207.1 	76.65 		9.4 	76.65
								
								
								
								
								
								
								
								
								
								
								
								
								
								
								
								
								
								
								
								
								
								
								
								
								
								
								
								
								
								
								
								
								
								
								
								
								
								
								
								
								
								
								
								
								
								
								
								
								
								
								
								
								
								
								
								
								
								
								
								
								
								
								
								
								
								
								
								
								
								
								
								
								
								
								
								
								
								
								
								
								